. Sequence file : [VEGFA_final_mRNA_alignment.phylip]

. Model of nucleotides substitution : HKY85

. Initial tree : [BioNJ]


. Data	Nb of 	Likelihood	Discrete   	Number of 	Gamma shape	Proportion of	Transition/ 	Nucleotides frequencies               	
  set	taxa	loglk     	gamma model	categories	parameter  	invariant    	transversion	f(A)      f(C)      f(G)      f(T)    	

  #1	50   	-2766.73370	Yes        	4        	0.519    	0.000    	3.532     	 0.25354   0.29424   0.26167   0.19054	
  #2	50   	-3138.92318	Yes        	4        	0.571    	0.000    	4.632     	 0.26251   0.30601   0.25040   0.18108	
  #3	50   	-3208.34191	Yes        	4        	0.513    	0.000    	5.581     	 0.28206   0.25680   0.27339   0.18775	
  #4	50   	-3040.28042	Yes        	4        	0.503    	0.000    	4.405     	 0.28314   0.25163   0.27368   0.19155	
  #5	50   	-3084.48010	Yes        	4        	0.457    	0.000    	4.352     	 0.25148   0.27701   0.24080   0.23072	
  #6	50   	-3028.86882	Yes        	4        	0.530    	0.000    	4.943     	 0.28331   0.29405   0.24330   0.17934	
  #7	50   	-2831.58047	Yes        	4        	0.514    	0.000    	5.199     	 0.25080   0.27859   0.22742   0.24319	
  #8	50   	-2769.92770	Yes        	4        	0.494    	0.000    	4.642     	 0.26777   0.25204   0.24183   0.23835	
  #9	50   	-2858.29052	Yes        	4        	0.480    	0.000    	5.649     	 0.25933   0.25933   0.27091   0.21042	
  #10	50   	-2863.35410	Yes        	4        	0.439    	0.000    	5.081     	 0.23774   0.24806   0.28987   0.22434	
  #11	50   	-2854.24053	Yes        	4        	0.522    	0.000    	4.734     	 0.26749   0.23914   0.28398   0.20938	
  #12	50   	-2937.08334	Yes        	4        	0.528    	0.000    	4.895     	 0.25856   0.23658   0.29207   0.21279	
  #13	50   	-2915.06157	Yes        	4        	0.523    	0.000    	5.047     	 0.26928   0.28591   0.23247   0.21234	
  #14	50   	-3059.44424	Yes        	4        	0.608    	0.000    	5.715     	 0.21871   0.28062   0.28930   0.21137	
  #15	50   	-3146.99503	Yes        	4        	0.458    	0.000    	5.524     	 0.25074   0.26247   0.27346   0.21334	
  #16	50   	-2969.08760	Yes        	4        	0.490    	0.000    	4.703     	 0.30548   0.23093   0.25018   0.21341	
  #17	50   	-3213.11781	Yes        	4        	0.621    	0.000    	5.358     	 0.26884   0.26384   0.27184   0.19548	
  #18	50   	-2956.28722	Yes        	4        	0.494    	0.000    	4.815     	 0.29630   0.26298   0.23892   0.20181	
  #19	50   	-3140.24174	Yes        	4        	0.409    	0.000    	6.319     	 0.24147   0.27321   0.26200   0.22331	
  #20	50   	-2923.93906	Yes        	4        	0.429    	0.000    	6.120     	 0.26656   0.26944   0.27815   0.18585	
  #21	50   	-2955.04612	Yes        	4        	0.500    	0.000    	4.099     	 0.24498   0.27717   0.24914   0.22871	
  #22	50   	-2769.65198	Yes        	4        	0.493    	0.000    	3.993     	 0.26674   0.23749   0.26532   0.23045	
  #23	50   	-3114.80358	Yes        	4        	0.518    	0.000    	6.203     	 0.29666   0.23065   0.26976   0.20294	
  #24	50   	-3283.70480	Yes        	4        	0.532    	0.000    	4.779     	 0.30106   0.26116   0.24725   0.19053	
  #25	50   	-2908.66220	Yes        	4        	0.412    	0.000    	5.911     	 0.26727   0.26593   0.29017   0.17664	
  #26	50   	-2813.49225	Yes        	4        	0.442    	0.000    	3.772     	 0.25402   0.22338   0.29638   0.22622	
  #27	50   	-2910.97891	Yes        	4        	0.575    	0.000    	4.097     	 0.22616   0.24862   0.31036   0.21486	
  #28	50   	-3179.19918	Yes        	4        	0.526    	0.000    	4.850     	 0.25436   0.25007   0.30798   0.18760	
  #29	50   	-2778.58631	Yes        	4        	0.383    	0.000    	4.638     	 0.26442   0.25274   0.28206   0.20078	
  #30	50   	-2930.43277	Yes        	4        	0.520    	0.000    	5.085     	 0.27246   0.24050   0.26486   0.22218	
  #31	50   	-2941.01009	Yes        	4        	0.515    	0.000    	4.904     	 0.28950   0.23031   0.26468   0.21551	
  #32	50   	-2709.47014	Yes        	4        	0.436    	0.000    	4.533     	 0.29989   0.26825   0.24941   0.18245	
  #33	50   	-3001.99626	Yes        	4        	0.507    	0.000    	4.008     	 0.28594   0.24885   0.27242   0.19278	
  #34	50   	-3028.68032	Yes        	4        	0.577    	0.000    	5.561     	 0.27360   0.25054   0.26699   0.20887	
  #35	50   	-3065.07984	Yes        	4        	0.487    	0.000    	5.255     	 0.24343   0.25953   0.30364   0.19340	
  #36	50   	-2952.91369	Yes        	4        	0.439    	0.000    	4.659     	 0.28926   0.23464   0.29330   0.18280	
  #37	50   	-3126.48693	Yes        	4        	0.488    	0.000    	5.635     	 0.27716   0.22568   0.30850   0.18866	
  #38	50   	-3012.32265	Yes        	4        	0.449    	0.000    	5.252     	 0.23757   0.22134   0.32437   0.21672	
  #39	50   	-3122.93797	Yes        	4        	0.487    	0.000    	4.602     	 0.28055   0.22227   0.26481   0.23237	
  #40	50   	-3041.55018	Yes        	4        	0.419    	0.000    	5.057     	 0.26668   0.24651   0.25760   0.22921	
  #41	50   	-2933.87777	Yes        	4        	0.529    	0.000    	4.878     	 0.28071   0.21148   0.30044   0.20737	
  #42	50   	-2940.14593	Yes        	4        	0.518    	0.000    	5.539     	 0.28173   0.27068   0.23875   0.20884	
  #43	50   	-2922.57294	Yes        	4        	0.564    	0.000    	4.328     	 0.27747   0.24919   0.25114   0.22219	
  #44	50   	-3172.27837	Yes        	4        	0.550    	0.000    	4.812     	 0.30270   0.24584   0.29459   0.15687	
  #45	50   	-2996.61816	Yes        	4        	0.524    	0.000    	4.770     	 0.24985   0.28079   0.23512   0.23424	
  #46	50   	-2998.19569	Yes        	4        	0.647    	0.000    	4.225     	 0.26687   0.25867   0.29330   0.18115	
  #47	50   	-3133.71815	Yes        	4        	0.564    	0.000    	5.948     	 0.25577   0.24156   0.26308   0.23959	
  #48	50   	-3022.81815	Yes        	4        	0.564    	0.000    	5.481     	 0.30101   0.26711   0.21852   0.21336	
  #49	50   	-2870.18645	Yes        	4        	0.446    	0.000    	4.603     	 0.25363   0.26097   0.27382   0.21159	
  #50	50   	-2849.12002	Yes        	4        	0.507    	0.000    	5.101     	 0.28770   0.23476   0.25318   0.22436	
  #51	50   	-3036.50273	Yes        	4        	0.473    	0.000    	5.681     	 0.25427   0.26032   0.28393   0.20148	
  #52	50   	-3045.09081	Yes        	4        	0.510    	0.000    	4.823     	 0.28213   0.26910   0.24591   0.20286	
  #53	50   	-2767.90065	Yes        	4        	0.464    	0.000    	4.435     	 0.28789   0.24510   0.26368   0.20333	
  #54	50   	-3072.19304	Yes        	4        	0.551    	0.000    	4.755     	 0.29916   0.20954   0.26812   0.22317	
  #55	50   	-2914.85408	Yes        	4        	0.424    	0.000    	3.981     	 0.24855   0.18668   0.29659   0.26818	
  #56	50   	-3171.94983	Yes        	4        	0.591    	0.000    	4.469     	 0.24811   0.25230   0.27093   0.22867	
  #57	50   	-3124.55285	Yes        	4        	0.516    	0.000    	5.257     	 0.26748   0.26829   0.24305   0.22118	
  #58	50   	-3078.67424	Yes        	4        	0.533    	0.000    	6.258     	 0.28618   0.23882   0.29311   0.18189	
  #59	50   	-2874.91314	Yes        	4        	0.462    	0.000    	4.909     	 0.26576   0.27342   0.27247   0.18836	
  #60	50   	-2914.18465	Yes        	4        	0.424    	0.000    	5.055     	 0.25223   0.26296   0.27023   0.21457	
  #61	50   	-3145.83777	Yes        	4        	0.495    	0.000    	4.858     	 0.26304   0.25975   0.26628   0.21093	
  #62	50   	-3217.24334	Yes        	4        	0.487    	0.000    	6.156     	 0.25010   0.24407   0.28143   0.22440	
  #63	50   	-2801.62500	Yes        	4        	0.490    	0.000    	5.937     	 0.25621   0.28718   0.27092   0.18570	
  #64	50   	-3306.58384	Yes        	4        	0.593    	0.000    	5.001     	 0.29750   0.25938   0.27498   0.16814	
  #65	50   	-3165.25530	Yes        	4        	0.542    	0.000    	4.954     	 0.27426   0.25221   0.29110   0.18244	
  #66	50   	-2839.99884	Yes        	4        	0.496    	0.000    	4.591     	 0.23360   0.31032   0.27216   0.18393	
  #67	50   	-2992.35308	Yes        	4        	0.442    	0.000    	7.412     	 0.27307   0.25518   0.30759   0.16415	
  #68	50   	-3021.82173	Yes        	4        	0.597    	0.000    	4.117     	 0.29140   0.27339   0.27751   0.15770	
  #69	50   	-3099.98329	Yes        	4        	0.469    	0.000    	5.465     	 0.24055   0.25669   0.30184   0.20092	
  #70	50   	-2995.66181	Yes        	4        	0.617    	0.000    	4.409     	 0.28009   0.26047   0.28656   0.17288	
  #71	50   	-2713.47999	Yes        	4        	0.441    	0.000    	5.554     	 0.31217   0.20097   0.26648   0.22037	
  #72	50   	-2535.27646	Yes        	4        	0.432    	0.000    	5.285     	 0.31664   0.26145   0.25990   0.16201	
  #73	50   	-2933.57896	Yes        	4        	0.414    	0.000    	5.048     	 0.25079   0.26662   0.28076   0.20183	
  #74	50   	-2845.78705	Yes        	4        	0.461    	0.000    	4.854     	 0.24700   0.28565   0.26468   0.20268	
  #75	50   	-3027.94967	Yes        	4        	0.478    	0.000    	4.685     	 0.31052   0.24634   0.24735   0.19579	
  #76	50   	-3141.45413	Yes        	4        	0.507    	0.000    	5.508     	 0.28277   0.23259   0.28447   0.20018	
  #77	50   	-2855.86414	Yes        	4        	0.548    	0.000    	7.059     	 0.22943   0.30844   0.26784   0.19429	
  #78	50   	-3004.54329	Yes        	4        	0.506    	0.000    	5.936     	 0.25069   0.25633   0.26874   0.22424	
  #79	50   	-3046.58681	Yes        	4        	0.475    	0.000    	3.796     	 0.24020   0.25693   0.28588   0.21699	
  #80	50   	-3118.67273	Yes        	4        	0.490    	0.000    	5.020     	 0.25124   0.24694   0.29200   0.20982	
  #81	50   	-2899.56808	Yes        	4        	0.410    	0.000    	5.397     	 0.27425   0.25326   0.25542   0.21707	
  #82	50   	-2814.53793	Yes        	4        	0.456    	0.000    	5.276     	 0.25357   0.26552   0.25344   0.22746	
  #83	50   	-2870.19877	Yes        	4        	0.514    	0.000    	7.185     	 0.25864   0.28396   0.27734   0.18006	
  #84	50   	-2864.51799	Yes        	4        	0.449    	0.000    	5.215     	 0.29594   0.25279   0.25866   0.19261	
  #85	50   	-2921.47258	Yes        	4        	0.493    	0.000    	5.170     	 0.28083   0.22474   0.25953   0.23489	
  #86	50   	-3033.04975	Yes        	4        	0.520    	0.000    	5.404     	 0.29901   0.24816   0.26852   0.18431	
  #87	50   	-3094.80777	Yes        	4        	0.518    	0.000    	4.708     	 0.26946   0.28111   0.26045   0.18899	
  #88	50   	-2839.00433	Yes        	4        	0.352    	0.000    	5.250     	 0.25215   0.24772   0.28216   0.21798	
  #89	50   	-3055.79793	Yes        	4        	0.449    	0.000    	5.084     	 0.23723   0.24366   0.31009   0.20902	
  #90	50   	-2969.11038	Yes        	4        	0.418    	0.000    	4.792     	 0.27286   0.24449   0.23703   0.24563	
  #91	50   	-3035.23456	Yes        	4        	0.379    	0.000    	4.940     	 0.26542   0.25858   0.24497   0.23102	
  #92	50   	-2800.94584	Yes        	4        	0.498    	0.000    	5.520     	 0.27067   0.26456   0.25565   0.20912	
  #93	50   	-3188.54972	Yes        	4        	0.578    	0.000    	3.720     	 0.27925   0.23411   0.33262   0.15402	
  #94	50   	-2807.78874	Yes        	4        	0.456    	0.000    	5.212     	 0.27392   0.25138   0.28448   0.19022	
  #95	50   	-3113.13161	Yes        	4        	0.512    	0.000    	5.062     	 0.24062   0.29079   0.26237   0.20621	
  #96	50   	-2701.37908	Yes        	4        	0.479    	0.000    	4.587     	 0.26776   0.25902   0.27129   0.20194	
  #97	50   	-3070.82321	Yes        	4        	0.435    	0.000    	4.497     	 0.27869   0.19932   0.29115   0.23084	
  #98	50   	-2899.79010	Yes        	4        	0.466    	0.000    	4.845     	 0.23233   0.27448   0.29280   0.20039	
  #99	50   	-2991.39556	Yes        	4        	0.476    	0.000    	4.193     	 0.26677   0.26704   0.25446   0.21172	
  #100	50   	-2828.42565	Yes        	4        	0.448    	0.000    	4.506     	 0.25398   0.21692   0.29124   0.23786	
