. Sequence file : [VEGFB_final_mRNA_alignment.phylip]

. Model of nucleotides substitution : HKY85

. Initial tree : [BioNJ]


. Data	Nb of 	Likelihood	Discrete   	Number of 	Gamma shape	Proportion of	Transition/ 	Nucleotides frequencies               	
  set	taxa	loglk     	gamma model	categories	parameter  	invariant    	transversion	f(A)      f(C)      f(G)      f(T)    	

  #1	50   	-3421.81082	Yes        	4        	0.558    	0.000    	3.957     	 0.20892   0.24029   0.31023   0.24056	
  #2	50   	-3526.39954	Yes        	4        	0.608    	0.000    	5.135     	 0.24562   0.29538   0.29380   0.16519	
  #3	50   	-3316.40716	Yes        	4        	0.694    	0.000    	3.570     	 0.23648   0.25198   0.33063   0.18092	
  #4	50   	-3759.43731	Yes        	4        	0.703    	0.000    	4.781     	 0.21839   0.24814   0.37539   0.15808	
  #5	50   	-3361.33701	Yes        	4        	0.619    	0.000    	4.637     	 0.25537   0.24985   0.33242   0.16236	
  #6	50   	-3100.79631	Yes        	4        	0.778    	0.000    	3.168     	 0.21891   0.23304   0.34062   0.20743	
  #7	50   	-3553.90811	Yes        	4        	0.676    	0.000    	4.502     	 0.26049   0.26411   0.29908   0.17633	
  #8	50   	-3235.53988	Yes        	4        	0.597    	0.000    	5.534     	 0.20160   0.26254   0.35373   0.18212	
  #9	50   	-3547.09463	Yes        	4        	0.611    	0.000    	4.357     	 0.23441   0.25193   0.32654   0.18712	
  #10	50   	-3349.89258	Yes        	4        	0.598    	0.000    	5.078     	 0.25598   0.26807   0.28900   0.18696	
  #11	50   	-3591.47871	Yes        	4        	0.621    	0.000    	5.676     	 0.23619   0.23481   0.34389   0.18511	
  #12	50   	-3269.66518	Yes        	4        	0.646    	0.000    	3.312     	 0.22702   0.32099   0.28744   0.16455	
  #13	50   	-3813.94549	Yes        	4        	0.641    	0.000    	4.617     	 0.23694   0.26951   0.31660   0.17695	
  #14	50   	-3448.02404	Yes        	4        	0.668    	0.000    	5.023     	 0.23246   0.29691   0.29731   0.17331	
  #15	50   	-3463.18208	Yes        	4        	0.611    	0.000    	5.121     	 0.23907   0.27466   0.30434   0.18192	
  #16	50   	-3354.68834	Yes        	4        	0.577    	0.000    	4.983     	 0.21962   0.28075   0.31204   0.18758	
  #17	50   	-3146.77976	Yes        	4        	0.644    	0.000    	3.847     	 0.22707   0.23144   0.32173   0.21977	
  #18	50   	-3484.69912	Yes        	4        	0.560    	0.000    	4.782     	 0.19878   0.28704   0.29797   0.21620	
  #19	50   	-3340.23772	Yes        	4        	0.820    	0.000    	4.036     	 0.24207   0.26433   0.29674   0.19686	
  #20	50   	-3328.43395	Yes        	4        	0.668    	0.000    	3.337     	 0.22377   0.25287   0.33040   0.19296	
  #21	50   	-3223.16558	Yes        	4        	0.563    	0.000    	4.376     	 0.25506   0.23578   0.34280   0.16636	
  #22	50   	-3557.55563	Yes        	4        	0.646    	0.000    	4.556     	 0.18226   0.31028   0.31186   0.19560	
  #23	50   	-3428.24591	Yes        	4        	0.705    	0.000    	4.874     	 0.23640   0.28268   0.30321   0.17770	
  #24	50   	-3262.23130	Yes        	4        	0.661    	0.000    	4.388     	 0.25109   0.29261   0.27766   0.17864	
  #25	50   	-3466.41971	Yes        	4        	0.773    	0.000    	4.300     	 0.21819   0.26040   0.33042   0.19099	
  #26	50   	-3460.21147	Yes        	4        	0.532    	0.000    	4.614     	 0.21806   0.28695   0.32328   0.17172	
  #27	50   	-3391.84562	Yes        	4        	0.622    	0.000    	5.321     	 0.19835   0.26074   0.36527   0.17564	
  #28	50   	-3438.21753	Yes        	4        	0.625    	0.000    	3.629     	 0.20464   0.21830   0.35808   0.21899	
  #29	50   	-3407.10274	Yes        	4        	0.470    	0.000    	5.695     	 0.23353   0.26063   0.31896   0.18689	
  #30	50   	-3578.32246	Yes        	4        	0.646    	0.000    	5.347     	 0.21647   0.26797   0.31340   0.20216	
  #31	50   	-3469.65694	Yes        	4        	0.567    	0.000    	4.267     	 0.21436   0.28043   0.31968   0.18553	
  #32	50   	-3414.34356	Yes        	4        	0.735    	0.000    	3.812     	 0.25533   0.26454   0.28813   0.19200	
  #33	50   	-3450.36110	Yes        	4        	0.618    	0.000    	4.980     	 0.24964   0.29486   0.25663   0.19887	
  #34	50   	-3351.62248	Yes        	4        	0.599    	0.000    	5.421     	 0.21184   0.28704   0.32600   0.17512	
  #35	50   	-3478.20792	Yes        	4        	0.791    	0.000    	3.981     	 0.24561   0.26587   0.32279   0.16573	
  #36	50   	-3426.15199	Yes        	4        	0.551    	0.000    	4.739     	 0.20211   0.27522   0.33499   0.18768	
  #37	50   	-3660.20594	Yes        	4        	0.783    	0.000    	4.478     	 0.21481   0.28485   0.27855   0.22179	
  #38	50   	-3241.06037	Yes        	4        	0.607    	0.000    	5.478     	 0.26238   0.24614   0.32765   0.16383	
  #39	50   	-3599.06347	Yes        	4        	0.861    	0.000    	3.600     	 0.23540   0.27696   0.30258   0.18505	
  #40	50   	-3328.91176	Yes        	4        	0.628    	0.000    	4.279     	 0.22919   0.24993   0.34040   0.18047	
  #41	50   	-3119.76026	Yes        	4        	0.601    	0.000    	4.599     	 0.23068   0.23653   0.33391   0.19889	
  #42	50   	-3486.14565	Yes        	4        	0.524    	0.000    	3.943     	 0.26472   0.23329   0.30988   0.19212	
  #43	50   	-3400.68114	Yes        	4        	0.482    	0.000    	5.823     	 0.21294   0.26123   0.32324   0.20260	
  #44	50   	-3430.11627	Yes        	4        	0.567    	0.000    	4.551     	 0.21832   0.27480   0.30807   0.19881	
  #45	50   	-3253.77117	Yes        	4        	0.519    	0.000    	4.481     	 0.25438   0.26725   0.27896   0.19941	
  #46	50   	-3526.32920	Yes        	4        	0.715    	0.000    	3.407     	 0.25505   0.25276   0.33585   0.15633	
  #47	50   	-3469.82726	Yes        	4        	0.533    	0.000    	4.887     	 0.23152   0.24719   0.29010   0.23118	
  #48	50   	-3485.89065	Yes        	4        	0.572    	0.000    	5.362     	 0.23867   0.25655   0.31405   0.19072	
  #49	50   	-3320.54373	Yes        	4        	0.557    	0.000    	4.915     	 0.19044   0.23676   0.34103   0.23177	
  #50	50   	-3035.96671	Yes        	4        	0.569    	0.000    	4.388     	 0.22859   0.26741   0.36246   0.14153	
  #51	50   	-3391.83451	Yes        	4        	0.544    	0.000    	4.521     	 0.20990   0.27335   0.32530   0.19145	
  #52	50   	-3088.77033	Yes        	4        	0.522    	0.000    	3.564     	 0.20258   0.24842   0.32061   0.22838	
  #53	50   	-3348.51823	Yes        	4        	0.698    	0.000    	4.286     	 0.19965   0.26691   0.29394   0.23949	
  #54	50   	-3337.43559	Yes        	4        	0.560    	0.000    	5.399     	 0.19661   0.26521   0.36979   0.16838	
  #55	50   	-3348.65862	Yes        	4        	0.647    	0.000    	5.276     	 0.20872   0.27731   0.35537   0.15860	
  #56	50   	-3396.61585	Yes        	4        	0.718    	0.000    	3.410     	 0.22712   0.23540   0.37223   0.16525	
  #57	50   	-3428.91844	Yes        	4        	0.559    	0.000    	6.569     	 0.22364   0.28664   0.30382   0.18590	
  #58	50   	-3334.43658	Yes        	4        	0.605    	0.000    	4.533     	 0.22861   0.28035   0.28096   0.21007	
  #59	50   	-3162.74364	Yes        	4        	0.756    	0.000    	3.844     	 0.25104   0.23168   0.29363   0.22365	
  #60	50   	-3255.18263	Yes        	4        	0.626    	0.000    	5.222     	 0.20119   0.24571   0.38565   0.16744	
  #61	50   	-3473.02588	Yes        	4        	0.823    	0.000    	4.994     	 0.19581   0.27119   0.33618   0.19682	
  #62	50   	-3463.07844	Yes        	4        	0.684    	0.000    	5.661     	 0.20151   0.24342   0.33911   0.21595	
  #63	50   	-3306.12368	Yes        	4        	0.516    	0.000    	5.281     	 0.20855   0.28269   0.32593   0.18283	
  #64	50   	-3703.69445	Yes        	4        	0.513    	0.000    	5.155     	 0.22737   0.26750   0.32518   0.17994	
  #65	50   	-3263.66965	Yes        	4        	0.521    	0.000    	4.708     	 0.24712   0.26931   0.31383   0.16975	
  #66	50   	-3486.12813	Yes        	4        	0.626    	0.000    	6.445     	 0.21049   0.28199   0.31365   0.19387	
  #67	50   	-3553.63159	Yes        	4        	0.580    	0.000    	4.357     	 0.21130   0.28064   0.35550   0.15257	
  #68	50   	-3823.74594	Yes        	4        	0.651    	0.000    	4.902     	 0.22345   0.28167   0.31095   0.18393	
  #69	50   	-3435.28533	Yes        	4        	0.756    	0.000    	5.023     	 0.24343   0.27000   0.32763   0.15895	
  #70	50   	-3127.63275	Yes        	4        	0.485    	0.000    	5.247     	 0.19375   0.27550   0.33047   0.20027	
  #71	50   	-3488.68814	Yes        	4        	0.540    	0.000    	4.897     	 0.24424   0.24513   0.32494   0.18569	
  #72	50   	-3440.51949	Yes        	4        	0.573    	0.000    	6.351     	 0.19189   0.30920   0.31590   0.18301	
  #73	50   	-3408.32385	Yes        	4        	0.577    	0.000    	5.186     	 0.24520   0.27284   0.32281   0.15915	
  #74	50   	-3166.30449	Yes        	4        	0.636    	0.000    	3.570     	 0.24676   0.25843   0.30496   0.18986	
  #75	50   	-3253.48900	Yes        	4        	0.715    	0.000    	3.602     	 0.26034   0.26183   0.31220   0.16564	
  #76	50   	-3148.21395	Yes        	4        	0.562    	0.000    	4.679     	 0.20722   0.27046   0.34632   0.17601	
  #77	50   	-3328.08839	Yes        	4        	0.786    	0.000    	5.046     	 0.26070   0.26947   0.28533   0.18451	
  #78	50   	-3525.95221	Yes        	4        	0.731    	0.000    	5.113     	 0.23320   0.27416   0.33777   0.15487	
  #79	50   	-3358.23249	Yes        	4        	0.609    	0.000    	5.386     	 0.20038   0.27309   0.36054   0.16600	
  #80	50   	-3429.65361	Yes        	4        	0.689    	0.000    	4.319     	 0.21768   0.27272   0.33635   0.17325	
  #81	50   	-3428.43811	Yes        	4        	0.714    	0.000    	5.687     	 0.21194   0.30269   0.30448   0.18089	
  #82	50   	-3507.67308	Yes        	4        	0.582    	0.000    	4.900     	 0.24228   0.25860   0.30914   0.18998	
  #83	50   	-3533.30985	Yes        	4        	0.623    	0.000    	5.019     	 0.22687   0.25673   0.32942   0.18699	
  #84	50   	-3518.10151	Yes        	4        	0.518    	0.000    	6.144     	 0.21470   0.26626   0.31932   0.19971	
  #85	50   	-3219.43198	Yes        	4        	0.518    	0.000    	4.330     	 0.23500   0.27640   0.28814   0.20047	
  #86	50   	-3549.15379	Yes        	4        	0.572    	0.000    	5.160     	 0.24141   0.23245   0.34066   0.18548	
  #87	50   	-3181.19453	Yes        	4        	0.405    	0.000    	5.176     	 0.23354   0.22655   0.38401   0.15590	
  #88	50   	-3567.04484	Yes        	4        	0.619    	0.000    	5.478     	 0.20597   0.29212   0.35404   0.14787	
  #89	50   	-3498.82043	Yes        	4        	0.628    	0.000    	4.656     	 0.21825   0.26831   0.32785   0.18558	
  #90	50   	-3572.33177	Yes        	4        	0.834    	0.000    	4.542     	 0.22130   0.29679   0.30162   0.18029	
  #91	50   	-3227.21860	Yes        	4        	0.581    	0.000    	4.831     	 0.25262   0.26596   0.30041   0.18101	
  #92	50   	-3424.11393	Yes        	4        	0.543    	0.000    	5.375     	 0.21905   0.27821   0.34458   0.15817	
  #93	50   	-3586.60197	Yes        	4        	0.486    	0.000    	4.806     	 0.21954   0.23087   0.37921   0.17039	
  #94	50   	-3528.18504	Yes        	4        	0.588    	0.000    	5.532     	 0.20324   0.28375   0.33405   0.17896	
  #95	50   	-3683.79464	Yes        	4        	0.627    	0.000    	4.831     	 0.18404   0.31929   0.30888   0.18780	
  #96	50   	-3182.37096	Yes        	4        	0.654    	0.000    	4.130     	 0.23105   0.26430   0.32386   0.18079	
  #97	50   	-3553.30892	Yes        	4        	0.606    	0.000    	4.150     	 0.20785   0.31202   0.28669   0.19345	
  #98	50   	-3441.22200	Yes        	4        	0.566    	0.000    	4.607     	 0.23257   0.24281   0.34590   0.17872	
  #99	50   	-3391.52985	Yes        	4        	0.611    	0.000    	4.721     	 0.22268   0.27824   0.29807   0.20101	
  #100	50   	-3710.17307	Yes        	4        	0.600    	0.000    	4.837     	 0.26264   0.25477   0.31766   0.16494	
