. Sequence file : [VEGFD_final_mRNA_alignment.phylip]

. Model of nucleotides substitution : HKY85

. Initial tree : [BioNJ]


. Data	Nb of 	Likelihood	Discrete   	Number of 	Gamma shape	Proportion of	Transition/ 	Nucleotides frequencies               	
  set	taxa	loglk     	gamma model	categories	parameter  	invariant    	transversion	f(A)      f(C)      f(G)      f(T)    	

  #1	50   	-3494.36445	Yes        	4        	0.443    	0.000    	4.745     	 0.25190   0.27020   0.26013   0.21778	
  #2	50   	-2882.87968	Yes        	4        	0.349    	0.000    	5.483     	 0.25346   0.22157   0.25588   0.26908	
  #3	50   	-2698.11794	Yes        	4        	0.372    	0.000    	6.271     	 0.29353   0.26150   0.20817   0.23680	
  #4	50   	-3012.82960	Yes        	4        	0.349    	0.000    	5.534     	 0.23098   0.24699   0.28797   0.23405	
  #5	50   	-3060.32664	Yes        	4        	0.401    	0.000    	3.562     	 0.27301   0.24229   0.24111   0.24359	
  #6	50   	-3326.80688	Yes        	4        	0.388    	0.000    	5.314     	 0.29124   0.25484   0.23386   0.22007	
  #7	50   	-3004.45482	Yes        	4        	0.391    	0.000    	4.219     	 0.27052   0.25046   0.24621   0.23281	
  #8	50   	-3402.84832	Yes        	4        	0.426    	0.000    	5.634     	 0.28752   0.25255   0.24320   0.21673	
  #9	50   	-3394.27810	Yes        	4        	0.441    	0.000    	6.548     	 0.28876   0.27013   0.24405   0.19706	
  #10	50   	-3138.25287	Yes        	4        	0.362    	0.000    	4.448     	 0.30379   0.24575   0.21922   0.23124	
  #11	50   	-3128.71096	Yes        	4        	0.378    	0.000    	4.285     	 0.28314   0.23137   0.27072   0.21477	
  #12	50   	-3443.54810	Yes        	4        	0.373    	0.000    	5.145     	 0.24922   0.23536   0.26536   0.25007	
  #13	50   	-3137.82561	Yes        	4        	0.392    	0.000    	4.892     	 0.27876   0.21856   0.25706   0.24562	
  #14	50   	-3184.88944	Yes        	4        	0.356    	0.000    	4.608     	 0.28719   0.24739   0.26222   0.20320	
  #15	50   	-3355.03305	Yes        	4        	0.421    	0.000    	5.753     	 0.31758   0.21000   0.27451   0.19791	
  #16	50   	-3540.24573	Yes        	4        	0.605    	0.000    	5.432     	 0.33176   0.25261   0.21876   0.19686	
  #17	50   	-3081.90724	Yes        	4        	0.368    	0.000    	4.749     	 0.25078   0.25536   0.24830   0.24556	
  #18	50   	-3084.37395	Yes        	4        	0.404    	0.000    	4.450     	 0.27209   0.24758   0.24000   0.24033	
  #19	50   	-3142.24711	Yes        	4        	0.362    	0.000    	6.098     	 0.27288   0.20935   0.26556   0.25222	
  #20	50   	-3139.60398	Yes        	4        	0.375    	0.000    	3.993     	 0.30261   0.23307   0.23405   0.23026	
  #21	50   	-2956.60358	Yes        	4        	0.365    	0.000    	5.209     	 0.27758   0.23111   0.27216   0.21915	
  #22	50   	-3379.15869	Yes        	4        	0.420    	0.000    	4.678     	 0.29281   0.20092   0.28797   0.21830	
  #23	50   	-3364.45568	Yes        	4        	0.437    	0.000    	6.059     	 0.26523   0.26190   0.23778   0.23510	
  #24	50   	-3126.84575	Yes        	4        	0.385    	0.000    	3.745     	 0.27706   0.23203   0.29431   0.19660	
  #25	50   	-3183.44231	Yes        	4        	0.321    	0.000    	3.791     	 0.26268   0.26412   0.24229   0.23092	
  #26	50   	-3043.29065	Yes        	4        	0.345    	0.000    	5.394     	 0.27641   0.23464   0.27562   0.21333	
  #27	50   	-3250.11542	Yes        	4        	0.433    	0.000    	4.140     	 0.26418   0.25863   0.24275   0.23444	
  #28	50   	-3317.97721	Yes        	4        	0.390    	0.000    	4.874     	 0.29026   0.26908   0.23490   0.20575	
  #29	50   	-3265.60326	Yes        	4        	0.381    	0.000    	5.531     	 0.27359   0.23876   0.23758   0.25007	
  #30	50   	-3340.74974	Yes        	4        	0.373    	0.000    	4.890     	 0.27451   0.24556   0.25614   0.22379	
  #31	50   	-3158.67333	Yes        	4        	0.378    	0.000    	5.173     	 0.30778   0.21366   0.25843   0.22013	
  #32	50   	-3199.91276	Yes        	4        	0.456    	0.000    	4.291     	 0.24333   0.26542   0.25608   0.23516	
  #33	50   	-3073.84071	Yes        	4        	0.362    	0.000    	4.650     	 0.30922   0.24373   0.24993   0.19712	
  #34	50   	-3221.09351	Yes        	4        	0.406    	0.000    	4.568     	 0.30843   0.23425   0.27150   0.18582	
  #35	50   	-3111.06918	Yes        	4        	0.371    	0.000    	5.179     	 0.26797   0.22163   0.25085   0.25954	
  #36	50   	-3327.87886	Yes        	4        	0.430    	0.000    	4.423     	 0.29824   0.24484   0.23007   0.22686	
  #37	50   	-3227.10477	Yes        	4        	0.400    	0.000    	4.080     	 0.28732   0.22745   0.24484   0.24039	
  #38	50   	-3294.08528	Yes        	4        	0.482    	0.000    	4.704     	 0.26961   0.26242   0.25601   0.21196	
  #39	50   	-2946.59227	Yes        	4        	0.392    	0.000    	5.985     	 0.25203   0.24007   0.25190   0.25601	
  #40	50   	-3273.26448	Yes        	4        	0.481    	0.000    	4.743     	 0.29484   0.25556   0.22118   0.22843	
  #41	50   	-2734.35151	Yes        	4        	0.311    	0.000    	5.168     	 0.25503   0.23176   0.27248   0.24072	
  #42	50   	-3166.91714	Yes        	4        	0.357    	0.000    	5.231     	 0.27281   0.22163   0.29007   0.21549	
  #43	50   	-3293.54129	Yes        	4        	0.406    	0.000    	5.134     	 0.28307   0.22163   0.24353   0.25176	
  #44	50   	-3200.97385	Yes        	4        	0.395    	0.000    	5.586     	 0.28118   0.24797   0.24379   0.22706	
  #45	50   	-3573.26701	Yes        	4        	0.503    	0.000    	3.843     	 0.27928   0.21562   0.27922   0.22588	
  #46	50   	-3551.40266	Yes        	4        	0.422    	0.000    	3.844     	 0.29176   0.21327   0.26327   0.23170	
  #47	50   	-3058.75110	Yes        	4        	0.363    	0.000    	6.149     	 0.26601   0.24680   0.22908   0.25810	
  #48	50   	-3235.37679	Yes        	4        	0.456    	0.000    	5.828     	 0.28209   0.25791   0.22725   0.23275	
  #49	50   	-3348.01706	Yes        	4        	0.372    	0.000    	4.419     	 0.24686   0.20922   0.30190   0.24203	
  #50	50   	-3380.43431	Yes        	4        	0.393    	0.000    	3.591     	 0.28261   0.23667   0.24497   0.23575	
  #51	50   	-3156.27118	Yes        	4        	0.464    	0.000    	4.595     	 0.27471   0.24752   0.28444   0.19333	
  #52	50   	-3427.92237	Yes        	4        	0.417    	0.000    	3.954     	 0.24922   0.23033   0.27915   0.24131	
  #53	50   	-3417.55237	Yes        	4        	0.426    	0.000    	4.259     	 0.24007   0.27863   0.23327   0.24804	
  #54	50   	-3490.98461	Yes        	4        	0.468    	0.000    	5.173     	 0.29484   0.23542   0.24758   0.22216	
  #55	50   	-3102.18045	Yes        	4        	0.381    	0.000    	5.198     	 0.28673   0.22654   0.27458   0.21216	
  #56	50   	-3423.89833	Yes        	4        	0.418    	0.000    	5.023     	 0.29464   0.23523   0.24791   0.22222	
  #57	50   	-3134.54656	Yes        	4        	0.354    	0.000    	4.346     	 0.29301   0.22588   0.24693   0.23418	
  #58	50   	-3259.97719	Yes        	4        	0.379    	0.000    	3.875     	 0.27275   0.27301   0.26797   0.18627	
  #59	50   	-3359.44446	Yes        	4        	0.446    	0.000    	5.139     	 0.25157   0.25529   0.25791   0.23523	
  #60	50   	-3191.62314	Yes        	4        	0.447    	0.000    	5.406     	 0.27732   0.25608   0.26608   0.20052	
  #61	50   	-3140.77954	Yes        	4        	0.448    	0.000    	4.361     	 0.27222   0.22993   0.29242   0.20542	
  #62	50   	-3268.93667	Yes        	4        	0.465    	0.000    	5.756     	 0.28092   0.26882   0.22830   0.22196	
  #63	50   	-3039.75908	Yes        	4        	0.347    	0.000    	5.746     	 0.28869   0.21353   0.27608   0.22170	
  #64	50   	-3246.53686	Yes        	4        	0.423    	0.000    	4.166     	 0.26314   0.23595   0.27235   0.22856	
  #65	50   	-3411.38372	Yes        	4        	0.398    	0.000    	4.866     	 0.25948   0.25961   0.24510   0.23582	
  #66	50   	-3425.06439	Yes        	4        	0.465    	0.000    	5.977     	 0.24614   0.24908   0.26817   0.23660	
  #67	50   	-3156.00977	Yes        	4        	0.388    	0.000    	5.007     	 0.29301   0.23935   0.24980   0.21784	
  #68	50   	-3243.62730	Yes        	4        	0.406    	0.000    	5.350     	 0.25484   0.24758   0.27248   0.22510	
  #69	50   	-3067.29362	Yes        	4        	0.351    	0.000    	4.870     	 0.25209   0.21974   0.27967   0.24850	
  #70	50   	-3335.35214	Yes        	4        	0.401    	0.000    	5.496     	 0.25641   0.25902   0.23170   0.25288	
  #71	50   	-3249.61334	Yes        	4        	0.403    	0.000    	4.931     	 0.29948   0.20948   0.26281   0.22824	
  #72	50   	-3089.16325	Yes        	4        	0.348    	0.000    	4.750     	 0.27046   0.22582   0.27516   0.22856	
  #73	50   	-3439.82129	Yes        	4        	0.387    	0.000    	5.749     	 0.27765   0.24725   0.27444   0.20065	
  #74	50   	-3191.77250	Yes        	4        	0.341    	0.000    	4.740     	 0.28935   0.24922   0.22837   0.23307	
  #75	50   	-3215.08056	Yes        	4        	0.384    	0.000    	5.773     	 0.25131   0.26771   0.24843   0.23255	
  #76	50   	-3414.87421	Yes        	4        	0.386    	0.000    	4.603     	 0.28869   0.24444   0.26209   0.20477	
  #77	50   	-3231.01415	Yes        	4        	0.377    	0.000    	4.575     	 0.26954   0.24516   0.30105   0.18425	
  #78	50   	-3122.59126	Yes        	4        	0.408    	0.000    	5.576     	 0.28549   0.22935   0.25366   0.23150	
  #79	50   	-3091.31440	Yes        	4        	0.433    	0.000    	4.270     	 0.30516   0.22758   0.25837   0.20889	
  #80	50   	-3225.86064	Yes        	4        	0.357    	0.000    	5.288     	 0.29124   0.22176   0.24333   0.24366	
  #81	50   	-3427.94746	Yes        	4        	0.445    	0.000    	4.878     	 0.27954   0.21359   0.25137   0.25549	
  #82	50   	-3341.73047	Yes        	4        	0.465    	0.000    	5.074     	 0.24824   0.23797   0.24804   0.26575	
  #83	50   	-3461.95780	Yes        	4        	0.401    	0.000    	4.913     	 0.29386   0.24503   0.25098   0.21013	
  #84	50   	-3157.54477	Yes        	4        	0.468    	0.000    	4.291     	 0.25118   0.22941   0.28562   0.23379	
  #85	50   	-3333.97299	Yes        	4        	0.413    	0.000    	5.589     	 0.29660   0.22876   0.23889   0.23575	
  #86	50   	-3356.23337	Yes        	4        	0.477    	0.000    	4.597     	 0.28608   0.19961   0.28065   0.23366	
  #87	50   	-3106.15128	Yes        	4        	0.450    	0.000    	5.239     	 0.27686   0.24503   0.24915   0.22895	
  #88	50   	-3390.27766	Yes        	4        	0.452    	0.000    	4.903     	 0.28948   0.24340   0.25654   0.21059	
  #89	50   	-2918.77138	Yes        	4        	0.378    	0.000    	5.402     	 0.26405   0.22353   0.26850   0.24392	
  #90	50   	-3144.84530	Yes        	4        	0.385    	0.000    	5.498     	 0.27503   0.23869   0.25941   0.22686	
  #91	50   	-3234.73209	Yes        	4        	0.408    	0.000    	5.574     	 0.30275   0.23137   0.26641   0.19948	
  #92	50   	-3230.04946	Yes        	4        	0.358    	0.000    	5.551     	 0.24203   0.25895   0.25085   0.24817	
  #93	50   	-3428.40689	Yes        	4        	0.441    	0.000    	4.684     	 0.25451   0.26575   0.28248   0.19725	
  #94	50   	-3428.04563	Yes        	4        	0.490    	0.000    	4.893     	 0.25255   0.22333   0.31477   0.20935	
  #95	50   	-2994.43697	Yes        	4        	0.300    	0.000    	4.788     	 0.31595   0.23275   0.26098   0.19033	
  #96	50   	-2961.00589	Yes        	4        	0.381    	0.000    	4.733     	 0.32758   0.23529   0.24425   0.19288	
  #97	50   	-3195.49843	Yes        	4        	0.439    	0.000    	5.538     	 0.20549   0.19758   0.31850   0.27843	
  #98	50   	-2977.76591	Yes        	4        	0.439    	0.000    	4.907     	 0.26007   0.28176   0.24137   0.21680	
  #99	50   	-2893.45835	Yes        	4        	0.353    	0.000    	6.231     	 0.27431   0.21614   0.28307   0.22647	
  #100	50   	-3196.77663	Yes        	4        	0.454    	0.000    	5.175     	 0.24523   0.24046   0.27085   0.24346	
