. Sequence file : [PGF_final_mRNA_alignment.phylip]

. Model of nucleotides substitution : HKY85

. Initial tree : [BioNJ]


. Data	Nb of 	Likelihood	Discrete   	Number of 	Gamma shape	Proportion of	Transition/ 	Nucleotides frequencies               	
  set	taxa	loglk     	gamma model	categories	parameter  	invariant    	transversion	f(A)      f(C)      f(G)      f(T)    	

  #1	50   	-4371.27108	Yes        	4        	0.668    	0.000    	4.968     	 0.22942   0.28875   0.27428   0.20755	
  #2	50   	-4364.35681	Yes        	4        	0.540    	0.000    	5.448     	 0.14678   0.28543   0.28949   0.27830	
  #3	50   	-4347.63692	Yes        	4        	0.633    	0.000    	4.780     	 0.20189   0.24442   0.34043   0.21326	
  #4	50   	-4096.24868	Yes        	4        	0.581    	0.000    	5.115     	 0.20093   0.27441   0.31818   0.20648	
  #5	50   	-4321.32595	Yes        	4        	0.666    	0.000    	5.094     	 0.20346   0.22942   0.31636   0.25075	
  #6	50   	-4423.20961	Yes        	4        	0.603    	0.000    	4.372     	 0.18454   0.24889   0.31153   0.25504	
  #7	50   	-4049.56531	Yes        	4        	0.518    	0.000    	4.323     	 0.20696   0.26183   0.29951   0.23170	
  #8	50   	-4046.37934	Yes        	4        	0.610    	0.000    	5.323     	 0.22851   0.28426   0.29447   0.19277	
  #9	50   	-4268.23919	Yes        	4        	0.539    	0.000    	4.695     	 0.23243   0.25911   0.30384   0.20461	
  #10	50   	-4475.08824	Yes        	4        	0.564    	0.000    	4.659     	 0.21552   0.23639   0.33866   0.20943	
  #11	50   	-3980.37356	Yes        	4        	0.642    	0.000    	4.445     	 0.20647   0.25759   0.31520   0.22074	
  #12	50   	-4279.01269	Yes        	4        	0.643    	0.000    	4.348     	 0.20731   0.25920   0.29310   0.24039	
  #13	50   	-4624.77404	Yes        	4        	0.750    	0.000    	5.187     	 0.17305   0.27406   0.34020   0.21269	
  #14	50   	-4202.15598	Yes        	4        	0.645    	0.000    	5.935     	 0.18531   0.28029   0.30887   0.22552	
  #15	50   	-4287.43991	Yes        	4        	0.589    	0.000    	5.192     	 0.20895   0.28731   0.29261   0.21112	
  #16	50   	-4126.50016	Yes        	4        	0.610    	0.000    	5.444     	 0.22565   0.26005   0.27745   0.23685	
  #17	50   	-4366.57616	Yes        	4        	0.556    	0.000    	4.792     	 0.19910   0.24892   0.33515   0.21683	
  #18	50   	-4459.15270	Yes        	4        	0.790    	0.000    	3.935     	 0.19546   0.29207   0.30239   0.21009	
  #19	50   	-4210.71737	Yes        	4        	0.579    	0.000    	5.768     	 0.17756   0.26484   0.33948   0.21812	
  #20	50   	-4359.01648	Yes        	4        	0.808    	0.000    	5.042     	 0.20416   0.26154   0.34234   0.19195	
  #21	50   	-4331.71444	Yes        	4        	0.734    	0.000    	4.607     	 0.19302   0.30724   0.31408   0.18565	
  #22	50   	-4282.05428	Yes        	4        	0.744    	0.000    	4.829     	 0.20096   0.26341   0.32986   0.20576	
  #23	50   	-4296.75569	Yes        	4        	0.603    	0.000    	4.771     	 0.23229   0.26409   0.29368   0.20994	
  #24	50   	-4202.04235	Yes        	4        	0.743    	0.000    	4.370     	 0.20290   0.24513   0.34121   0.21076	
  #25	50   	-4123.66552	Yes        	4        	0.680    	0.000    	5.996     	 0.16903   0.26263   0.33946   0.22888	
  #26	50   	-4207.79540	Yes        	4        	0.586    	0.000    	5.040     	 0.18203   0.28037   0.36480   0.17280	
  #27	50   	-4385.29012	Yes        	4        	0.729    	0.000    	5.843     	 0.23737   0.27289   0.30070   0.18905	
  #28	50   	-4217.16714	Yes        	4        	0.764    	0.000    	5.129     	 0.23068   0.27989   0.29507   0.19436	
  #29	50   	-4511.99935	Yes        	4        	0.835    	0.000    	4.483     	 0.21264   0.27727   0.29224   0.21786	
  #30	50   	-3995.82292	Yes        	4        	0.654    	0.000    	5.879     	 0.18570   0.27835   0.31430   0.22165	
  #31	50   	-4192.62658	Yes        	4        	0.825    	0.000    	4.747     	 0.18770   0.27499   0.30773   0.22958	
  #32	50   	-4570.23302	Yes        	4        	0.679    	0.000    	5.175     	 0.18490   0.28520   0.31061   0.21929	
  #33	50   	-4262.55786	Yes        	4        	0.678    	0.000    	4.444     	 0.17231   0.29557   0.31373   0.21840	
  #34	50   	-4346.17224	Yes        	4        	0.717    	0.000    	5.446     	 0.19139   0.25081   0.36397   0.19383	
  #35	50   	-4447.18804	Yes        	4        	0.858    	0.000    	4.815     	 0.21552   0.24498   0.35237   0.18713	
  #36	50   	-4087.04679	Yes        	4        	0.701    	0.000    	5.458     	 0.20546   0.27451   0.31971   0.20031	
  #37	50   	-4432.26421	Yes        	4        	0.646    	0.000    	5.167     	 0.22054   0.28022   0.30455   0.19468	
  #38	50   	-3963.94548	Yes        	4        	0.647    	0.000    	5.041     	 0.15922   0.25156   0.34364   0.24558	
  #39	50   	-4545.23758	Yes        	4        	0.720    	0.000    	5.416     	 0.20445   0.26635   0.32401   0.20519	
  #40	50   	-4355.18199	Yes        	4        	0.639    	0.000    	5.188     	 0.18087   0.27258   0.33662   0.20994	
  #41	50   	-4555.91835	Yes        	4        	0.638    	0.000    	5.590     	 0.22194   0.24297   0.29306   0.24202	
  #42	50   	-4285.86953	Yes        	4        	0.607    	0.000    	4.981     	 0.17342   0.26964   0.33453   0.22241	
  #43	50   	-4204.82027	Yes        	4        	0.613    	0.000    	5.327     	 0.19215   0.24965   0.34939   0.20881	
  #44	50   	-4516.77053	Yes        	4        	0.633    	0.000    	5.145     	 0.20256   0.24270   0.35545   0.19929	
  #45	50   	-4185.02216	Yes        	4        	0.715    	0.000    	4.950     	 0.20477   0.26385   0.31735   0.21403	
  #46	50   	-4375.34563	Yes        	4        	0.607    	0.000    	4.599     	 0.18205   0.27660   0.30985   0.23149	
  #47	50   	-4470.97949	Yes        	4        	0.669    	0.000    	6.011     	 0.18695   0.25111   0.34226   0.21967	
  #48	50   	-4249.95153	Yes        	4        	0.631    	0.000    	4.810     	 0.18730   0.22313   0.35904   0.23054	
  #49	50   	-4423.56288	Yes        	4        	0.699    	0.000    	4.963     	 0.22298   0.28320   0.30045   0.19337	
  #50	50   	-4269.72033	Yes        	4        	0.692    	0.000    	4.476     	 0.22133   0.25895   0.32360   0.19612	
  #51	50   	-4400.76535	Yes        	4        	0.643    	0.000    	5.173     	 0.16968   0.28942   0.29974   0.24116	
  #52	50   	-4408.43143	Yes        	4        	0.582    	0.000    	5.175     	 0.19791   0.27400   0.32214   0.20594	
  #53	50   	-4259.09405	Yes        	4        	0.716    	0.000    	5.683     	 0.18395   0.28879   0.34582   0.18144	
  #54	50   	-4287.65801	Yes        	4        	0.675    	0.000    	5.284     	 0.19808   0.29739   0.28119   0.22334	
  #55	50   	-4140.66676	Yes        	4        	0.675    	0.000    	6.537     	 0.17049   0.23431   0.36372   0.23147	
  #56	50   	-4141.14982	Yes        	4        	0.768    	0.000    	5.010     	 0.21287   0.23908   0.31438   0.23367	
  #57	50   	-4428.08482	Yes        	4        	0.752    	0.000    	5.747     	 0.19680   0.30404   0.29682   0.20233	
  #58	50   	-4180.22716	Yes        	4        	0.573    	0.000    	5.078     	 0.16822   0.26714   0.32942   0.23522	
  #59	50   	-4519.22375	Yes        	4        	0.548    	0.000    	5.146     	 0.19904   0.26487   0.31492   0.22117	
  #60	50   	-4119.59644	Yes        	4        	0.643    	0.000    	5.011     	 0.17939   0.26029   0.31334   0.24698	
  #61	50   	-4271.43697	Yes        	4        	0.727    	0.000    	5.428     	 0.19506   0.25762   0.32390   0.22343	
  #62	50   	-4196.82138	Yes        	4        	0.660    	0.000    	4.528     	 0.22134   0.28580   0.27675   0.21611	
  #63	50   	-4261.19958	Yes        	4        	0.705    	0.000    	5.825     	 0.16835   0.28410   0.32471   0.22284	
  #64	50   	-4380.33693	Yes        	4        	0.674    	0.000    	4.927     	 0.19383   0.24487   0.30805   0.25325	
  #65	50   	-3844.60338	Yes        	4        	0.674    	0.000    	4.408     	 0.20685   0.28642   0.25293   0.25381	
  #66	50   	-4309.26672	Yes        	4        	0.643    	0.000    	5.292     	 0.18514   0.26570   0.33823   0.21093	
  #67	50   	-4142.63515	Yes        	4        	0.614    	0.000    	5.329     	 0.17767   0.24076   0.36435   0.21722	
  #68	50   	-4217.69755	Yes        	4        	0.585    	0.000    	5.906     	 0.18342   0.24822   0.31424   0.25413	
  #69	50   	-4301.31769	Yes        	4        	0.623    	0.000    	4.661     	 0.19309   0.25665   0.31091   0.23935	
  #70	50   	-4391.58079	Yes        	4        	0.659    	0.000    	4.134     	 0.21133   0.26019   0.32554   0.20295	
  #71	50   	-4021.38912	Yes        	4        	0.590    	0.000    	4.608     	 0.20074   0.25831   0.30201   0.23894	
  #72	50   	-4244.32632	Yes        	4        	0.723    	0.000    	4.702     	 0.19614   0.26587   0.30632   0.23168	
  #73	50   	-4022.38493	Yes        	4        	0.582    	0.000    	5.261     	 0.17861   0.28306   0.29872   0.23961	
  #74	50   	-4033.18883	Yes        	4        	0.716    	0.000    	4.891     	 0.19517   0.26868   0.33105   0.20510	
  #75	50   	-4460.80703	Yes        	4        	0.722    	0.000    	4.737     	 0.17918   0.27890   0.30164   0.24028	
  #76	50   	-4361.89456	Yes        	4        	0.583    	0.000    	5.653     	 0.19061   0.25993   0.32639   0.22307	
  #77	50   	-4135.12878	Yes        	4        	0.664    	0.000    	4.688     	 0.18322   0.30321   0.29719   0.21638	
  #78	50   	-4198.88715	Yes        	4        	0.788    	0.000    	4.778     	 0.17892   0.30489   0.27240   0.24378	
  #79	50   	-4109.45552	Yes        	4        	0.565    	0.000    	5.224     	 0.20651   0.24508   0.31994   0.22846	
  #80	50   	-4279.92619	Yes        	4        	0.608    	0.000    	5.754     	 0.21897   0.25584   0.31301   0.21218	
  #81	50   	-3974.02059	Yes        	4        	0.681    	0.000    	5.487     	 0.18583   0.30922   0.29830   0.20666	
  #82	50   	-4256.80578	Yes        	4        	0.664    	0.000    	5.168     	 0.21882   0.27576   0.27258   0.23284	
  #83	50   	-4376.59487	Yes        	4        	0.660    	0.000    	4.496     	 0.21568   0.24827   0.31478   0.22127	
  #84	50   	-4399.31352	Yes        	4        	0.622    	0.000    	5.540     	 0.19065   0.28338   0.30375   0.22221	
  #85	50   	-4221.85110	Yes        	4        	0.670    	0.000    	5.311     	 0.18575   0.29976   0.31152   0.20297	
  #86	50   	-4424.46839	Yes        	4        	0.679    	0.000    	4.985     	 0.21925   0.27818   0.30755   0.19502	
  #87	50   	-4088.48831	Yes        	4        	0.613    	0.000    	3.816     	 0.23975   0.22424   0.35866   0.17736	
  #88	50   	-4148.87278	Yes        	4        	0.659    	0.000    	4.992     	 0.18609   0.32516   0.26090   0.22785	
  #89	50   	-4376.55125	Yes        	4        	0.687    	0.000    	4.766     	 0.20425   0.28675   0.28857   0.22044	
  #90	50   	-4316.13491	Yes        	4        	0.675    	0.000    	4.261     	 0.22459   0.24490   0.32037   0.21013	
  #91	50   	-4289.66306	Yes        	4        	0.655    	0.000    	4.275     	 0.21325   0.23037   0.30462   0.25177	
  #92	50   	-4319.97097	Yes        	4        	0.578    	0.000    	4.848     	 0.19730   0.23462   0.32405   0.24403	
  #93	50   	-4204.52554	Yes        	4        	0.597    	0.000    	4.324     	 0.21020   0.22943   0.32138   0.23899	
  #94	50   	-4298.85370	Yes        	4        	0.773    	0.000    	6.361     	 0.19809   0.25943   0.36937   0.17311	
  #95	50   	-4532.82526	Yes        	4        	0.680    	0.000    	4.509     	 0.21780   0.27002   0.33039   0.18179	
  #96	50   	-4333.64968	Yes        	4        	0.771    	0.000    	5.473     	 0.17692   0.26338   0.33510   0.22460	
  #97	50   	-4152.78971	Yes        	4        	0.694    	0.000    	4.722     	 0.19121   0.29066   0.27937   0.23876	
  #98	50   	-4025.51932	Yes        	4        	0.561    	0.000    	5.488     	 0.21187   0.22720   0.32490   0.23603	
  #99	50   	-4183.47897	Yes        	4        	0.645    	0.000    	5.454     	 0.18983   0.28516   0.33012   0.19489	
  #100	50   	-4245.80984	Yes        	4        	0.616    	0.000    	4.786     	 0.16950   0.27558   0.29098   0.26394	
