. Sequence file : [VEGFC_final_mRNA_alignment.phylip]

. Model of nucleotides substitution : HKY85

. Initial tree : [BioNJ]


. Data	Nb of 	Likelihood	Discrete   	Number of 	Gamma shape	Proportion of	Transition/ 	Nucleotides frequencies               	
  set	taxa	loglk     	gamma model	categories	parameter  	invariant    	transversion	f(A)      f(C)      f(G)      f(T)    	

  #1	50   	-2067.17325	Yes        	4        	0.308    	0.000    	8.067     	 0.24760   0.23870   0.27514   0.23857	
  #2	50   	-2119.60163	Yes        	4        	0.316    	0.000    	7.498     	 0.29196   0.19019   0.25886   0.25899	
  #3	50   	-2088.59279	Yes        	4        	0.239    	0.000    	8.086     	 0.27393   0.24671   0.23324   0.24612	
  #4	50   	-2085.70837	Yes        	4        	0.337    	0.000    	8.627     	 0.27328   0.22302   0.24043   0.26327	
  #5	50   	-1912.61131	Yes        	4        	0.388    	0.000    	5.741     	 0.27091   0.20330   0.27372   0.25208	
  #6	50   	-1972.69088	Yes        	4        	0.271    	0.000    	6.916     	 0.26851   0.25248   0.24686   0.23215	
  #7	50   	-2085.62599	Yes        	4        	0.271    	0.000    	7.025     	 0.26246   0.24094   0.25971   0.23689	
  #8	50   	-2320.92595	Yes        	4        	0.310    	0.000    	7.936     	 0.30177   0.21649   0.23377   0.24797	
  #9	50   	-2186.41017	Yes        	4        	0.369    	0.000    	10.209     	 0.24872   0.20419   0.30131   0.24578	
  #10	50   	-2099.77435	Yes        	4        	0.358    	0.000    	8.449     	 0.29049   0.21435   0.25661   0.23855	
  #11	50   	-1982.87763	Yes        	4        	0.251    	0.000    	6.512     	 0.29087   0.21882   0.24414   0.24617	
  #12	50   	-1858.60125	Yes        	4        	0.289    	0.000    	6.909     	 0.27858   0.23777   0.26563   0.21801	
  #13	50   	-1916.23333	Yes        	4        	0.360    	0.000    	6.648     	 0.27678   0.21759   0.26279   0.24284	
  #14	50   	-1950.27795	Yes        	4        	0.269    	0.000    	7.729     	 0.27339   0.26796   0.20226   0.25638	
  #15	50   	-2064.60411	Yes        	4        	0.369    	0.000    	10.271     	 0.30792   0.18056   0.26289   0.24863	
  #16	50   	-2003.41550	Yes        	4        	0.392    	0.000    	8.967     	 0.27672   0.23257   0.24264   0.24807	
  #17	50   	-1902.75182	Yes        	4        	0.313    	0.000    	10.215     	 0.31084   0.20345   0.24707   0.23864	
  #18	50   	-1924.61152	Yes        	4        	0.273    	0.000    	5.354     	 0.31228   0.26722   0.21477   0.20574	
  #19	50   	-2122.87085	Yes        	4        	0.305    	0.000    	7.420     	 0.31006   0.20594   0.28434   0.19966	
  #20	50   	-2111.35885	Yes        	4        	0.302    	0.000    	5.858     	 0.31362   0.21122   0.22757   0.24760	
  #21	50   	-1932.17997	Yes        	4        	0.339    	0.000    	7.647     	 0.30958   0.21714   0.24220   0.23108	
  #22	50   	-1870.00672	Yes        	4        	0.228    	0.000    	6.815     	 0.29716   0.19316   0.29055   0.21913	
  #23	50   	-1830.63592	Yes        	4        	0.266    	0.000    	10.448     	 0.31019   0.20760   0.24719   0.23502	
  #24	50   	-2279.02549	Yes        	4        	0.313    	0.000    	6.573     	 0.23418   0.26814   0.25754   0.24014	
  #25	50   	-1897.13375	Yes        	4        	0.279    	0.000    	7.877     	 0.29038   0.22928   0.22647   0.25388	
  #26	50   	-1931.51554	Yes        	4        	0.350    	0.000    	8.938     	 0.30504   0.23617   0.19346   0.26534	
  #27	50   	-2084.96351	Yes        	4        	0.305    	0.000    	8.789     	 0.32428   0.20777   0.24271   0.22524	
  #28	50   	-1917.42361	Yes        	4        	0.314    	0.000    	6.763     	 0.28257   0.20245   0.28604   0.22894	
  #29	50   	-2208.49469	Yes        	4        	0.295    	0.000    	8.840     	 0.28427   0.22097   0.25830   0.23646	
  #30	50   	-1950.68240	Yes        	4        	0.229    	0.000    	8.711     	 0.25002   0.21045   0.24975   0.28978	
  #31	50   	-1983.96643	Yes        	4        	0.305    	0.000    	8.241     	 0.24748   0.28413   0.23308   0.23531	
  #32	50   	-2204.68719	Yes        	4        	0.290    	0.000    	8.039     	 0.25358   0.23925   0.27982   0.22735	
  #33	50   	-2026.93502	Yes        	4        	0.314    	0.000    	7.956     	 0.29610   0.24187   0.26483   0.19720	
  #34	50   	-2030.79978	Yes        	4        	0.313    	0.000    	7.465     	 0.28001   0.22787   0.26058   0.23153	
  #35	50   	-2101.01584	Yes        	4        	0.322    	0.000    	8.322     	 0.28543   0.24070   0.24390   0.22997	
  #36	50   	-1849.91351	Yes        	4        	0.249    	0.000    	7.409     	 0.28527   0.18495   0.28670   0.24308	
  #37	50   	-1970.64673	Yes        	4        	0.358    	0.000    	8.352     	 0.32867   0.18664   0.26900   0.21569	
  #38	50   	-2145.46658	Yes        	4        	0.368    	0.000    	6.572     	 0.29595   0.23732   0.17542   0.29130	
  #39	50   	-1922.02232	Yes        	4        	0.325    	0.000    	10.738     	 0.24841   0.19243   0.29577   0.26339	
  #40	50   	-2113.97642	Yes        	4        	0.310    	0.000    	7.203     	 0.26952   0.20595   0.26357   0.26095	
  #41	50   	-2205.62193	Yes        	4        	0.247    	0.000    	6.061     	 0.30634   0.22902   0.21469   0.24995	
  #42	50   	-2076.60924	Yes        	4        	0.346    	0.000    	7.286     	 0.28250   0.21138   0.30847   0.19764	
  #43	50   	-1714.18756	Yes        	4        	0.279    	0.000    	11.418     	 0.30011   0.21209   0.28689   0.20090	
  #44	50   	-1988.43364	Yes        	4        	0.333    	0.000    	7.776     	 0.29183   0.24972   0.23436   0.22409	
  #45	50   	-2144.01152	Yes        	4        	0.296    	0.000    	6.621     	 0.28911   0.21129   0.23548   0.26413	
  #46	50   	-2027.10327	Yes        	4        	0.348    	0.000    	8.538     	 0.27330   0.25466   0.22980   0.24223	
  #47	50   	-2031.02573	Yes        	4        	0.359    	0.000    	7.826     	 0.26401   0.22301   0.26460   0.24838	
  #48	50   	-1692.46014	Yes        	4        	0.396    	0.000    	8.497     	 0.29334   0.23038   0.24144   0.23483	
  #49	50   	-2118.11168	Yes        	4        	0.364    	0.000    	8.684     	 0.25621   0.23175   0.27701   0.23502	
  #50	50   	-2162.36524	Yes        	4        	0.321    	0.000    	6.485     	 0.30263   0.22473   0.28646   0.18617	
  #51	50   	-2154.17039	Yes        	4        	0.428    	0.000    	7.673     	 0.32718   0.21258   0.25296   0.20728	
  #52	50   	-2139.54394	Yes        	4        	0.280    	0.000    	7.578     	 0.30694   0.23713   0.24838   0.20755	
  #53	50   	-1872.41797	Yes        	4        	0.269    	0.000    	7.935     	 0.24123   0.28036   0.23920   0.23920	
  #54	50   	-2020.98568	Yes        	4        	0.379    	0.000    	8.267     	 0.30101   0.18031   0.28675   0.23193	
  #55	50   	-2112.63067	Yes        	4        	0.294    	0.000    	7.301     	 0.32283   0.21216   0.27050   0.19451	
  #56	50   	-1841.84714	Yes        	4        	0.291    	0.000    	6.233     	 0.33713   0.20463   0.24021   0.21804	
  #57	50   	-1887.72938	Yes        	4        	0.336    	0.000    	9.029     	 0.27376   0.23016   0.23409   0.26198	
  #58	50   	-1926.99044	Yes        	4        	0.205    	0.000    	8.057     	 0.27585   0.25414   0.25786   0.21215	
  #59	50   	-2077.75142	Yes        	4        	0.330    	0.000    	8.511     	 0.34980   0.20182   0.22570   0.22269	
  #60	50   	-2063.05180	Yes        	4        	0.299    	0.000    	11.053     	 0.29563   0.21968   0.23041   0.25428	
  #61	50   	-2269.81434	Yes        	4        	0.338    	0.000    	7.746     	 0.27929   0.23781   0.24233   0.24056	
  #62	50   	-2001.01953	Yes        	4        	0.336    	0.000    	7.072     	 0.26411   0.21853   0.25214   0.26522	
  #63	50   	-2198.78652	Yes        	4        	0.351    	0.000    	6.855     	 0.26730   0.20084   0.28170   0.25016	
  #64	50   	-2141.56409	Yes        	4        	0.285    	0.000    	6.287     	 0.29203   0.24814   0.25056   0.20928	
  #65	50   	-2168.97869	Yes        	4        	0.338    	0.000    	8.180     	 0.27646   0.26173   0.25172   0.21009	
  #66	50   	-1974.51946	Yes        	4        	0.310    	0.000    	8.755     	 0.29495   0.22605   0.25111   0.22789	
  #67	50   	-1979.39817	Yes        	4        	0.242    	0.000    	7.662     	 0.32895   0.24765   0.19741   0.22599	
  #68	50   	-2109.31372	Yes        	4        	0.394    	0.000    	7.286     	 0.33080   0.22699   0.20704   0.23517	
  #69	50   	-2136.95766	Yes        	4        	0.245    	0.000    	7.475     	 0.28846   0.23578   0.23611   0.23964	
  #70	50   	-1886.30683	Yes        	4        	0.278    	0.000    	6.025     	 0.31488   0.22922   0.22608   0.22981	
  #71	50   	-2008.36471	Yes        	4        	0.268    	0.000    	8.425     	 0.25916   0.22182   0.28047   0.23856	
  #72	50   	-1920.37666	Yes        	4        	0.296    	0.000    	7.305     	 0.28379   0.25814   0.21464   0.24343	
  #73	50   	-1992.99725	Yes        	4        	0.312    	0.000    	9.949     	 0.28766   0.20985   0.25010   0.25239	
  #74	50   	-1872.08080	Yes        	4        	0.383    	0.000    	8.215     	 0.25669   0.23680   0.26061   0.24590	
  #75	50   	-1907.23756	Yes        	4        	0.312    	0.000    	7.755     	 0.31699   0.19776   0.24521   0.24004	
  #76	50   	-2110.17319	Yes        	4        	0.297    	0.000    	7.939     	 0.25714   0.21412   0.24930   0.27944	
  #77	50   	-1950.15437	Yes        	4        	0.287    	0.000    	6.827     	 0.25206   0.21018   0.26456   0.27320	
  #78	50   	-2263.77042	Yes        	4        	0.362    	0.000    	7.104     	 0.25347   0.27382   0.22461   0.24810	
  #79	50   	-1814.66891	Yes        	4        	0.330    	0.000    	9.256     	 0.26896   0.21079   0.23173   0.28852	
  #80	50   	-2057.84758	Yes        	4        	0.297    	0.000    	8.141     	 0.31593   0.23132   0.24009   0.21267	
  #81	50   	-1977.25774	Yes        	4        	0.303    	0.000    	7.785     	 0.26078   0.23952   0.26032   0.23939	
  #82	50   	-2087.06237	Yes        	4        	0.296    	0.000    	8.524     	 0.30108   0.21943   0.23742   0.24207	
  #83	50   	-2364.68886	Yes        	4        	0.343    	0.000    	8.096     	 0.26514   0.22191   0.27194   0.24101	
  #84	50   	-1942.43745	Yes        	4        	0.367    	0.000    	6.568     	 0.27750   0.24321   0.25669   0.22260	
  #85	50   	-1899.91025	Yes        	4        	0.295    	0.000    	6.499     	 0.31611   0.19868   0.30126   0.18396	
  #86	50   	-2073.91837	Yes        	4        	0.363    	0.000    	9.780     	 0.25572   0.21328   0.27482   0.25618	
  #87	50   	-1910.08513	Yes        	4        	0.362    	0.000    	6.560     	 0.27291   0.19252   0.27514   0.25944	
  #88	50   	-2021.98032	Yes        	4        	0.351    	0.000    	7.634     	 0.26001   0.24346   0.22809   0.26844	
  #89	50   	-1962.29958	Yes        	4        	0.306    	0.000    	10.338     	 0.27735   0.26053   0.26753   0.19458	
  #90	50   	-2015.68604	Yes        	4        	0.309    	0.000    	7.956     	 0.31185   0.24144   0.24118   0.20552	
  #91	50   	-2030.38163	Yes        	4        	0.260    	0.000    	7.313     	 0.24488   0.25627   0.26798   0.23087	
  #92	50   	-1916.03257	Yes        	4        	0.243    	0.000    	4.989     	 0.27888   0.22347   0.24290   0.25474	
  #93	50   	-2123.46350	Yes        	4        	0.321    	0.000    	8.530     	 0.23394   0.26933   0.25572   0.24100	
  #94	50   	-1921.49933	Yes        	4        	0.251    	0.000    	8.077     	 0.28550   0.23880   0.26228   0.21342	
  #95	50   	-2173.70175	Yes        	4        	0.290    	0.000    	8.186     	 0.27335   0.25713   0.23862   0.23090	
  #96	50   	-1792.09641	Yes        	4        	0.282    	0.000    	5.566     	 0.27674   0.21897   0.25005   0.25424	
  #97	50   	-1862.00535	Yes        	4        	0.246    	0.000    	9.935     	 0.27570   0.24567   0.21066   0.26798	
  #98	50   	-1684.64875	Yes        	4        	0.274    	0.000    	9.430     	 0.26321   0.25667   0.22109   0.25903	
  #99	50   	-2067.10917	Yes        	4        	0.288    	0.000    	8.223     	 0.29681   0.24722   0.24277   0.21320	
  #100	50   	-2318.90301	Yes        	4        	0.364    	0.000    	6.810     	 0.28531   0.21560   0.24666   0.25242	
